FIXED minkowski things to take the squareroot in the distance into account

mink0 = [1219.424296876388, 1264.2512259392972, 1138.7156732738122, 1165.2768994733162,1195.1997487498775, 1068.8055449208177, 1128.336347209339, 999.7117670524857, 876.633506757675, 852.6889852081357, 888.4893948197295, 854.9238289801183, 854.9238289801183, 825.2283926008851, 825.2283926008851, 784.2479597620727, 784.2479597620727, 782.0229573150001, 782.0229573150001, 782.0229573150001];
mink1 = [1219.424296876388, 1264.2512259392972, 1138.7156732738122, 1165.2768994733162,1195.1997487498775, 1068.8055449208177, 1128.336347209339, 999.7117670524857, 876.633506757675, 852.6889852081357, 888.4893948197295, 854.9238289801183, 854.9238289801183, 825.2283926008851, 825.2283926008851, 784.2479597620727, 784.2479597620727, 782.0229573150001, 782.0229573150001, 782.0229573150001];
mink2 = [1219.424296876388, 1264.2512259392972, 1138.7156732738122, 1165.2768994733162,1195.1997487498775, 1068.8055449208177, 1128.336347209339, 999.7117670524857, 876.633506757675, 852.6889852081357, 888.4893948197295, 854.9238289801183, 854.9238289801183, 825.2283926008851, 825.2283926008851, 784.2479597620727, 784.2479597620727, 782.0229573150001, 782.0229573150001, 782.0229573150001];
mink3 = [1219.424296876388, 1264.2512259392972, 1138.7156732738122, 1165.2768994733162,1195.1997487498775, 1068.8055449208177, 1128.336347209339, 999.7117670524857, 876.633506757675, 852.6889852081357, 888.4893948197295, 854.9238289801183, 854.9238289801183, 825.2283926008851, 825.2283926008851, 784.2479597620727, 784.2479597620727, 782.0229573150001, 782.0229573150001, 782.0229573150001];