
mink0 = [1219.424296876388, 1115.6806135748398, 988.198112527904, 998.4586474182954, 980.599588886023, 989.975525532779, 982.0983136251642, 982.0012490270909, 977.2544206310757, 977.8687308320897, 973.2819346240108, 973.5101743794588, 973.5101743794588, 973.2881828292585, 973.2881828292585, 968.6643617328745, 968.6643617328745, 964.9796473477289, 964.9796473477289, 964.9796473477289];
mink1 = [1219.4304937981935, 1127.569220573961, 994.982244469938, 976.7945547903487, 941.9168725167849, 890.0625581207182, 904.5328963772107, 847.6201242096679, 769.4921759876344, 770.433043310051, 754.8372849101944, 766.701245022859, 766.701245022859, 730.890638357923, 730.890638357923, 698.3401438873954, 698.3401438873954, 715.2444650151621, 715.2444650151621, 715.2444650151621];
mink2 = [1219.4296563961902, 1187.688133708484, 1068.875729274949, 1054.0514982718994, 1065.7879838667889, 962.8916029102816, 1012.6379638226343, 904.5634308107358, 783.7208388060134, 769.1564490774101, 779.2225602748895, 767.7016361992409, 767.7016361992409, 725.5737894900411, 725.5737894900411, 683.7053617989519, 683.7053617989519, 704.3891574554793, 704.3891574554793, 704.3891574554793];
mink3 = [1219.4282997252412, 1219.5249280051999, 1099.312436010385, 1095.9327070512759, 1118.1920510227335, 1001.8699805210198, 1058.0367071662643, 937.9038343618616, 811.55515269753, 794.0452709930753, 814.6477085735376, 794.7732587454135, 794.7732587454135, 754.5177697276383, 754.5177697276383, 716.7076747111313, 716.7076747111313, 732.7246695846148, 732.7246695846148, 732.7246695846148];
mink4 = [1219.4281681739888, 1234.3002403454777, 1111.433396428013, 1115.3694684994173, 1140.3510339161717, 1018.9038628963575, 1076.778931401167, 953.8899897275681, 825.6793035512193, 807.872163335164, 831.6976979976812, 809.720434133555, 809.720434133555, 768.4063313512128, 768.4063313512128, 736.0859363649635, 736.0859363649635, 745.4615387853254, 745.4615387853254, 745.4615387853254];
mink5 = [1219.4305702716922, 1241.8557781847846, 1117.4346907573054, 1126.0157885763826, 1152.2537833423173, 1028.3604153063436, 1086.8525876402707, 963.239011854299, 833.9965807181424, 817.0275067117668, 840.9826917255243, 819.8081840333806, 819.8081840333806, 775.4692739906848, 775.4692739906848, 749.1206263804817, 749.1206263804817, 751.4185734502564, 751.4185734502564, 751.4185734502564];
minkinf = [1219.424296876388, 1264.2512259392972, 1138.7156732738122, 1165.2768994733162, 1195.1997487498775, 1068.8055449208177, 1128.336347209339, 999.7117670524857, 876.633506757675, 852.6889852081357, 888.4893948197295, 854.9238289801183, 854.9238289801183, 825.2283926008851, 825.2283926008851, 784.2479597620727, 784.2479597620727, 782.0229573150001, 782.0229573150001, 782.0229573150001]